#RES	SS	SA	COV	BFP	RSQ_1	RSQ_2	RSQ_3	RSQ_4	
1	C	E	0.40	2.26	6.67	4.67	7.49	10.77	
2	C	E	0.51	1.76	5.10	4.25	6.58	8.37	
3	C	E	0.64	1.07	3.82	4.00	5.25	6.39	
4	S	E	0.65	0.31	3.57	3.69	4.67	6.43	
5	S	B	0.65	0.02	3.12	3.50	4.48	5.32	
6	S	E	0.66	0.11	3.47	3.33	4.33	5.07	
7	S	B	0.69	0.15	3.38	3.23	4.31	4.56	
8	S	E	0.80	0.12	2.84	3.05	4.08	4.32	
9	S	B	0.81	-0.01	3.01	3.00	3.94	4.29	
10	S	E	0.84	0.22	4.14	3.08	4.14	4.41	
11	C	E	0.87	0.38	2.92	3.22	4.30	4.50	
12	C	B	0.92	0.30	2.51	3.03	4.17	4.29	
13	C	E	0.95	0.10	2.22	2.82	3.86	4.07	
14	C	B	0.96	-0.26	2.48	3.09	4.03	4.27	
15	C	E	0.97	-0.06	2.81	3.14	4.14	4.31	
16	C	B	0.97	-0.20	2.46	3.20	4.18	4.37	
17	C	E	0.98	0.09	3.27	3.30	4.26	4.46	
18	C	E	0.99	0.30	2.53	3.30	4.27	4.54	
19	C	E	1.00	-0.06	2.53	3.20	4.17	4.44	
20	S	B	0.99	-0.35	2.22	2.91	3.89	4.18	
21	S	E	0.99	-0.01	2.14	2.89	3.77	4.15	
22	S	E	0.99	-0.04	3.60	2.85	3.73	4.14	
23	S	B	0.98	-0.06	3.17	2.96	3.86	4.26	
24	S	E	0.98	0.08	2.67	2.74	3.72	4.06	
25	S	E	0.99	-0.21	2.35	2.64	3.66	3.98	
26	C	B	0.98	-0.24	2.49	2.75	3.82	4.17	
27	C	E	0.97	-0.04	3.19	2.81	3.91	4.26	
28	C	E	0.93	0.15	3.19	2.93	4.06	4.28	
29	C	E	0.93	0.06	3.30	2.88	3.99	4.20	
30	C	B	0.93	-0.16	3.55	2.81	3.93	4.19	
31	S	B	0.93	-0.39	3.42	2.65	3.76	4.02	
32	S	B	0.95	-0.44	2.16	2.61	3.64	3.98	
33	S	B	0.97	-0.54	2.18	2.63	3.60	3.88	
34	S	B	1.00	-0.72	2.04	2.50	3.52	3.83	
35	S	B	1.00	-0.66	2.04	2.56	3.55	3.87	
36	S	B	1.00	-0.69	1.94	2.59	3.56	3.91	
37	S	B	1.00	-0.65	1.98	2.74	3.64	3.97	
38	S	B	1.00	-0.30	1.94	2.80	3.67	4.09	
39	S	B	1.00	-0.12	2.39	2.86	3.81	4.13	
40	C	E	1.00	0.33	3.57	3.28	4.21	4.53	
41	C	E	1.00	0.53	4.43	3.33	4.27	4.57	
42	C	E	0.98	0.40	3.85	3.32	4.25	4.57	
43	C	E	0.98	0.40	3.21	3.31	4.21	4.57	
44	C	E	1.00	0.13	2.81	3.18	4.11	4.47	
45	S	E	1.00	-0.29	2.35	2.76	3.63	4.07	
46	S	B	1.00	-0.73	2.16	2.72	3.60	3.96	
47	S	B	1.00	-0.94	2.00	2.56	3.55	3.90	
48	S	B	1.00	-0.91	1.90	2.58	3.58	3.89	
49	S	B	1.00	-0.85	2.00	2.55	3.64	3.87	
50	S	B	1.00	-0.69	2.09	2.64	3.74	3.94	
51	C	B	0.99	-0.49	2.77	2.99	3.94	4.31	
52	C	B	0.88	-0.23	3.65	3.31	4.24	5.63	
53	C	E	0.93	0.04	3.63	3.22	4.25	5.73	
54	C	B	0.96	-0.06	2.73	3.03	4.08	4.76	
55	C	B	0.92	0.03	3.12	3.10	4.16	4.39	
56	C	E	0.91	0.40	3.19	3.12	4.17	4.39	
57	C	E	0.96	0.51	3.21	3.05	4.08	4.32	
58	C	E	0.96	0.36	3.13	3.09	4.11	4.38	
59	C	B	0.97	0.08	2.86	2.97	4.00	4.30	
60	C	E	0.98	-0.21	2.94	2.99	4.03	4.30	
61	H	B	1.00	-0.54	2.69	2.93	3.95	4.24	
62	H	E	1.00	-0.66	2.58	2.88	3.90	4.23	
63	H	B	1.00	-0.91	2.69	2.82	3.84	4.19	
64	H	B	1.00	-0.98	2.64	2.88	3.89	4.22	
65	H	B	1.00	-1.03	2.51	2.92	3.92	4.27	
66	H	B	1.00	-1.05	2.48	2.85	3.86	4.26	
67	H	B	1.00	-0.98	2.54	2.84	3.85	4.24	
68	H	B	1.00	-1.01	2.58	2.93	3.92	4.29	
69	H	B	1.00	-0.91	2.45	2.94	3.93	4.34	
70	H	B	1.00	-0.95	2.47	2.88	3.87	4.32	
71	H	B	1.00	-0.87	2.46	2.92	3.89	4.31	
72	H	E	1.00	-0.54	2.41	3.02	3.97	4.39	
73	H	E	1.00	-0.45	2.62	3.01	3.95	4.42	
74	C	B	1.00	-0.49	2.60	3.05	3.98	4.45	
75	C	E	1.00	-0.30	3.04	3.13	4.02	4.48	
76	C	B	1.00	-0.51	2.37	3.09	4.01	4.53	
77	C	E	1.00	-0.26	2.45	3.09	4.25	4.44	
78	C	B	1.00	-0.67	2.26	3.00	4.03	4.38	
79	C	B	1.00	-0.82	1.90	2.59	3.51	3.99	
80	C	B	1.00	-0.75	2.30	2.96	3.90	4.35	
81	C	B	1.00	-0.48	2.47	2.94	3.89	4.31	
82	S	B	1.00	-0.69	1.91	2.76	3.63	4.02	
83	S	B	1.00	-0.58	2.12	2.82	3.77	4.06	
84	S	E	1.00	-0.55	2.27	2.87	3.84	4.09	
85	S	B	1.00	-0.58	2.20	2.88	3.87	4.11	
86	S	B	1.00	-0.40	2.63	2.91	3.98	4.18	
87	C	E	0.99	-0.24	2.54	3.07	4.26	4.40	
88	C	B	0.99	-0.07	3.64	3.25	5.00	4.49	
89	C	E	0.99	0.26	3.70	3.59	5.03	6.54	
90	C	B	0.97	0.09	3.42	3.38	4.52	6.60	
91	C	E	1.00	0.00	3.42	3.27	4.31	6.32	
92	C	B	1.00	-0.27	2.99	3.18	4.17	6.05	
93	S	B	1.00	-0.75	2.21	2.66	3.70	4.72	
94	S	B	1.00	-0.99	2.34	2.62	3.70	3.92	
95	S	B	1.00	-1.04	1.97	2.58	3.66	3.91	
96	S	B	1.00	-1.21	2.01	2.62	3.61	3.94	
97	S	B	1.00	-1.10	2.07	2.61	3.58	3.94	
98	S	B	1.00	-0.90	2.24	2.79	3.65	4.05	
99	C	B	1.00	-0.94	2.48	2.98	3.92	4.31	
100	H	B	1.00	-0.71	2.36	3.01	3.93	4.36	
101	H	B	1.00	-0.56	2.29	2.96	3.87	4.31	
102	H	B	1.00	-0.60	2.56	2.89	3.82	4.27	
103	H	B	1.00	-0.73	2.45	2.82	3.76	4.24	
104	H	B	1.00	-0.68	2.16	2.74	3.62	4.15	
105	H	B	1.00	-0.42	1.99	2.70	3.61	4.12	
106	H	B	1.00	-0.33	1.99	2.75	3.66	4.13	
107	H	B	1.00	-0.35	2.04	2.80	3.64	4.17	
108	H	B	1.00	-0.28	2.09	2.79	3.62	4.17	
109	H	E	0.96	0.17	2.41	2.88	3.74	4.24	
110	C	E	0.92	0.36	2.59	3.09	4.12	4.37	
111	C	E	0.95	0.49	2.41	3.03	4.17	4.38	
112	C	E	0.99	0.42	2.41	2.99	4.27	4.35	
113	C	B	1.00	0.07	2.28	2.95	3.99	4.32	
114	C	E	1.00	0.23	2.22	3.02	4.10	4.37	
115	H	E	1.00	0.28	2.27	2.96	3.80	4.31	
116	H	E	1.00	0.03	2.43	2.99	3.74	4.33	
117	H	B	1.00	-0.48	2.13	2.93	3.69	4.28	
118	H	B	1.00	-0.78	2.14	2.89	3.65	4.27	
119	H	B	1.00	-0.84	2.26	2.94	3.70	4.31	
120	H	B	1.00	-0.97	2.26	2.95	3.72	4.31	
121	H	B	1.00	-1.12	2.15	2.87	3.66	4.26	
122	H	B	1.00	-1.11	2.18	2.86	3.65	4.27	
123	H	B	1.00	-1.20	2.20	2.93	3.73	4.31	
124	H	B	1.00	-1.19	2.16	2.91	3.73	4.30	
125	H	B	1.00	-1.19	2.18	2.83	3.68	4.26	
126	H	B	1.00	-1.10	2.16	2.87	3.72	4.30	
127	H	B	1.00	-0.96	2.36	2.94	3.79	4.34	
128	H	B	1.00	-1.08	2.33	2.90	3.77	4.31	
129	H	B	1.00	-0.99	2.20	2.85	3.73	4.30	
130	H	B	1.00	-0.85	2.30	2.92	3.79	4.36	
131	H	B	1.00	-0.94	2.35	2.94	3.84	4.37	
132	H	B	1.00	-0.95	2.32	2.87	3.78	4.32	
133	H	B	1.00	-0.77	2.28	2.87	3.78	4.35	
134	H	B	1.00	-0.76	2.38	2.93	3.84	4.38	
135	C	B	1.00	-0.54	2.54	3.02	3.95	4.47	
136	C	B	1.00	-0.46	2.39	2.94	3.88	4.44	
137	S	B	1.00	-0.66	2.01	2.62	3.49	4.12	
138	S	B	1.00	-0.74	1.85	2.53	3.40	4.05	
139	C	B	1.00	-0.63	2.17	2.74	3.78	4.26	
140	C	B	1.00	-0.52	2.03	2.70	3.67	4.25	
141	C	B	1.00	-0.58	2.00	2.65	3.66	4.20	
142	C	B	1.00	-0.69	1.99	2.71	3.65	4.23	
143	C	B	1.00	-0.84	1.95	2.67	3.61	4.18	
144	H	B	1.00	-0.71	1.95	2.67	3.58	4.14	
145	H	B	1.00	-0.65	2.05	2.65	3.63	4.10	
146	H	B	1.00	-0.78	2.04	2.67	3.64	4.12	
147	S	B	1.00	-0.85	1.82	2.44	3.36	3.88	
148	S	B	1.00	-0.82	1.84	2.48	3.39	3.88	
149	S	B	1.00	-0.56	1.77	2.56	3.36	3.86	
150	C	B	1.00	-0.19	2.20	2.97	3.83	4.32	
151	C	E	0.97	0.16	2.24	3.08	3.91	4.41	
152	C	E	1.00	0.26	2.37	3.08	3.88	4.39	
153	C	B	0.97	0.01	2.19	3.06	3.87	4.40	
154	C	E	1.00	0.01	2.20	3.02	3.85	4.37	
155	S	B	1.00	-0.53	1.83	2.59	3.44	3.89	
156	S	B	1.00	-0.75	1.74	2.50	3.38	3.89	
157	S	B	1.00	-0.88	1.73	2.46	3.37	3.88	
158	C	B	1.00	-0.72	2.18	2.83	3.81	4.27	
159	C	B	1.00	-0.79	2.18	2.77	3.79	4.22	
160	C	B	1.00	-0.77	2.40	2.78	3.80	4.25	
161	C	B	1.00	-0.67	2.76	2.76	3.80	4.20	
162	C	B	0.99	-0.56	2.26	2.77	3.77	4.23	
163	C	B	0.99	-0.44	3.21	2.69	3.85	4.29	
164	C	B	0.99	-0.05	3.88	2.67	3.83	4.78	
165	C	E	0.90	0.28	6.50	2.81	4.02	6.90	
166	C	E	0.81	0.61	7.98	3.02	4.09	6.39	
167	C	E	0.76	0.83	9.77	3.13	4.22	7.81	
168	C	E	0.73	0.83	9.26	3.19	6.19	6.74	
169	C	E	0.66	0.76	9.57	3.22	7.57	6.44	
170	C	B	0.69	0.32	9.03	3.16	7.16	5.48	
171	C	B	0.78	-0.00	9.24	3.09	6.88	4.55	
172	C	B	0.79	-0.19	8.91	3.12	7.63	4.50	
173	C	B	0.89	-0.37	6.98	2.90	6.99	4.28	
174	S	B	0.96	-0.41	4.76	2.51	4.56	3.93	
175	S	B	0.97	-0.62	3.82	2.45	4.07	3.93	
176	S	B	0.99	-0.76	2.64	2.39	3.40	3.90	
177	S	B	0.99	-0.82	1.80	2.50	3.49	4.00	
178	C	B	0.99	-0.93	1.85	2.55	3.48	4.02	
179	C	B	1.00	-1.01	2.01	2.59	3.48	4.11	
180	C	B	1.00	-0.92	2.21	2.66	3.57	4.21	
181	C	B	1.00	-0.87	2.25	2.72	3.58	4.27	
182	H	B	1.00	-0.85	2.23	2.71	3.57	4.25	
183	H	B	1.00	-0.72	2.18	2.70	3.57	4.27	
184	H	B	1.00	-0.61	2.25	2.65	3.57	4.22	
185	H	B	1.00	-0.46	2.51	2.67	3.62	4.24	
186	C	B	0.99	-0.23	2.70	2.79	3.78	4.36	
187	C	B	0.95	-0.10	2.74	2.86	3.77	4.45	
188	C	B	0.90	0.13	4.12	2.97	3.84	4.50	
189	C	E	0.92	0.49	5.05	2.93	3.81	4.42	
190	C	E	0.91	0.30	5.64	2.90	3.80	4.41	
191	C	B	0.96	-0.16	3.52	2.79	3.71	4.37	
192	C	B	1.00	-0.21	2.48	2.81	3.73	4.38	
193	C	E	1.00	-0.43	2.16	2.82	3.72	4.44	
194	H	B	1.00	-0.73	2.03	2.76	3.62	4.30	
195	H	B	1.00	-0.90	1.95	2.70	3.57	4.25	
196	H	B	1.00	-1.09	1.92	2.70	3.58	4.23	
197	H	B	1.00	-1.15	1.97	2.75	3.59	4.25	
198	H	B	1.00	-1.20	1.94	2.72	3.54	4.23	
199	H	B	1.00	-1.23	1.92	2.68	3.51	4.19	
200	H	B	1.00	-1.15	1.92	2.74	3.56	4.22	
201	H	B	1.00	-1.12	1.93	2.77	3.56	4.23	
202	H	B	1.00	-1.12	1.93	2.72	3.52	4.18	
203	H	B	1.00	-1.10	1.90	2.72	3.52	4.18	
204	H	B	1.00	-0.98	1.95	2.79	3.57	4.22	
205	H	B	1.00	-0.89	1.97	2.80	3.58	4.22	
206	H	B	1.00	-0.80	1.98	2.76	3.56	4.18	
207	H	B	1.00	-0.68	1.97	2.80	3.58	4.21	
208	H	B	1.00	-0.54	2.00	2.87	3.64	4.26	
209	H	E	1.00	-0.20	2.24	2.98	3.70	4.36	
210	C	E	1.00	-0.28	2.31	2.90	3.70	4.28	
211	C	E	1.00	-0.36	2.49	2.86	3.69	4.24	
212	C	B	1.00	-0.60	2.35	2.79	3.64	4.20	
213	C	B	1.00	-0.65	2.30	2.81	3.65	4.24	
214	C	B	1.00	-0.72	2.15	2.80	3.66	4.22	
215	C	E	1.00	-0.50	2.18	2.81	3.72	4.22	
216	C	B	1.00	-0.35	2.37	2.84	3.75	4.21	
217	C	E	1.00	-0.14	2.54	2.89	3.82	4.22	
218	C	B	1.00	-0.39	2.47	2.86	3.80	4.21	
219	H	E	1.00	-0.40	2.76	2.77	3.69	4.16	
220	H	B	1.00	-0.46	2.91	2.84	3.74	4.20	
221	H	E	1.00	-0.49	2.74	2.85	3.74	4.20	
222	H	B	1.00	-0.72	2.51	2.78	3.66	4.17	
223	H	B	1.00	-0.67	2.39	2.79	3.67	4.22	
224	H	E	1.00	-0.44	2.54	2.87	3.74	4.25	
225	H	B	1.00	-0.57	2.50	2.84	3.71	4.22	
226	H	B	1.00	-0.69	2.20	2.80	3.65	4.23	
227	H	B	1.00	-0.56	2.28	2.87	3.72	4.28	
228	H	E	1.00	-0.28	2.50	2.91	3.76	4.29	
229	H	B	1.00	-0.38	2.36	2.97	3.73	4.30	
230	C	B	1.00	-0.30	2.36	2.93	3.77	4.37	
231	C	B	1.00	-0.26	2.57	3.00	3.85	4.43	
232	C	E	1.00	-0.24	2.55	2.99	3.86	4.44	
233	C	B	1.00	-0.11	2.47	2.96	3.82	4.44	
234	C	E	1.00	0.35	2.58	3.03	3.88	4.52	
235	H	E	1.00	0.58	2.80	2.98	3.82	4.48	
236	H	E	1.00	0.64	3.25	2.95	3.79	4.49	
237	H	B	1.00	0.35	2.87	2.89	3.73	4.43	
238	H	B	0.97	0.24	3.03	2.95	3.80	4.48	
239	H	E	0.93	0.56	3.79	3.02	3.86	4.59	
240	H	E	0.89	0.65	3.91	3.04	3.88	4.63	
241	C	B	0.91	0.43	3.96	2.99	3.85	4.57	
242	C	E	0.78	0.61	4.80	3.20	4.05	4.80	
243	C	B	0.90	0.44	4.42	3.04	3.92	4.60	
244	H	E	0.92	0.55	4.09	3.02	3.88	4.60	
245	H	E	0.95	0.28	4.10	2.99	3.88	4.45	
246	H	B	0.93	-0.12	3.91	2.94	3.83	4.43	
247	H	B	0.97	0.02	3.27	2.94	3.80	4.44	
248	H	E	1.00	0.10	3.15	2.95	3.82	4.40	
249	H	B	1.00	-0.17	3.28	2.93	3.82	4.35	
250	H	B	1.00	-0.09	2.87	2.92	3.79	4.36	
251	H	E	1.00	0.34	2.60	2.99	3.85	4.43	
252	H	E	1.00	0.38	3.00	3.05	3.93	4.44	
253	C	B	1.00	0.16	2.98	3.07	3.95	4.45	
254	C	E	1.00	0.37	3.13	3.13	4.01	4.50	
255	C	E	1.00	0.58	3.09	3.11	3.99	4.50	
256	C	E	0.99	0.47	2.98	3.10	3.95	4.48	
257	C	E	0.92	0.46	3.23	3.20	4.05	4.58	
258	C	E	1.00	0.48	2.85	3.04	3.88	4.44	
259	C	E	1.00	0.12	2.82	3.04	3.85	4.40	
260	C	E	1.00	0.03	2.78	3.09	3.87	4.44	
261	H	B	1.00	-0.15	2.42	2.96	3.74	4.33	
262	H	E	1.00	0.17	2.60	3.01	3.79	4.36	
263	H	E	1.00	0.26	2.74	3.03	3.82	4.36	
264	H	B	1.00	0.00	2.61	2.96	3.76	4.31	
265	C	B	1.00	-0.17	2.48	3.02	3.81	4.39	
266	C	E	1.00	0.13	2.45	3.08	3.88	4.44	
267	C	E	1.00	0.33	2.60	3.10	3.86	4.42	
268	C	B	1.00	0.06	2.33	3.05	3.81	4.40	
269	C	E	1.00	-0.01	2.29	3.09	3.84	4.43	
270	H	E	1.00	-0.07	2.25	3.03	3.79	4.37	
271	H	E	1.00	-0.13	2.24	3.01	3.78	4.38	
272	H	B	1.00	-0.42	2.14	2.94	3.71	4.33	
273	H	B	1.00	-0.52	2.15	2.94	3.71	4.33	
274	H	E	1.00	-0.53	2.22	2.97	3.75	4.36	
275	H	B	1.00	-0.68	2.19	2.92	3.71	4.33	
276	H	B	1.00	-0.63	2.09	2.87	3.65	4.29	
277	H	E	1.00	-0.38	2.19	2.90	3.69	4.32	
278	H	E	1.00	-0.51	2.21	2.90	3.70	4.34	
279	H	B	1.00	-0.70	2.08	2.83	3.63	4.30	
280	H	B	1.00	-0.60	2.09	2.83	3.62	4.29	
281	H	E	1.00	-0.34	2.20	2.95	3.76	4.43	
282	H	B	1.00	-0.26	2.40	2.91	3.74	4.42	
283	C	E	1.00	-0.22	2.41	2.90	3.73	4.43	
284	C	B	1.00	-0.21	2.32	2.87	3.79	4.49	
285	C	E	1.00	0.13	2.58	2.93	3.85	4.54	
286	C	E	1.00	-0.13	2.61	2.95	3.85	4.53	
287	C	B	1.00	-0.54	2.24	2.91	3.73	4.40	
288	C	B	1.00	-0.63	2.24	2.92	3.74	4.39	
289	C	B	1.00	-0.60	2.23	2.95	3.79	4.42	
290	H	B	1.00	-0.73	2.12	2.89	3.73	4.34	
291	H	E	1.00	-0.32	2.25	2.97	3.81	4.40	
292	H	B	1.00	-0.45	2.22	2.98	3.81	4.41	
293	H	B	1.00	-0.68	2.17	2.95	3.75	4.36	
294	H	B	1.00	-0.58	2.27	3.01	3.81	4.39	
295	C	E	1.00	-0.35	2.44	3.21	4.00	4.57	
296	C	B	1.00	-0.56	2.34	3.10	3.88	4.47	
297	C	E	1.00	-0.37	2.45	3.19	3.96	4.53	
298	C	B	1.00	-0.52	2.37	3.13	3.90	4.49	
299	C	B	1.00	-0.42	2.38	3.12	3.89	4.47	
300	C	E	1.00	0.02	2.44	3.14	3.91	4.46	
301	C	E	1.00	0.21	2.54	3.16	3.92	4.47	
302	C	B	1.00	-0.22	2.55	3.13	3.91	4.46	
303	C	B	1.00	-0.19	2.66	3.17	3.95	4.50	
304	C	E	1.00	0.03	2.65	3.23	4.03	4.54	
305	C	E	1.00	0.19	2.56	3.30	4.11	4.62	
306	C	E	1.00	0.40	2.66	3.35	4.17	4.66	
307	C	E	0.97	0.12	2.62	3.33	4.15	4.65	
308	C	B	0.97	-0.16	2.43	3.20	4.03	4.55	
309	C	E	0.97	-0.09	2.48	3.20	4.06	4.57	
310	C	E	0.93	0.15	2.52	3.21	4.10	4.61	
311	C	B	0.95	0.16	2.48	3.19	4.09	4.59	
312	C	E	0.88	0.57	2.71	3.45	4.26	4.74	
313	C	E	0.79	0.41	2.90	3.68	4.48	4.96	
314	C	E	0.87	0.15	2.84	3.32	4.20	4.70	
315	C	B	0.88	-0.05	2.99	3.20	4.14	4.64	
316	C	E	0.89	0.29	4.64	3.21	4.16	4.68	
317	C	B	0.88	0.29	4.35	3.14	4.12	4.65	
318	C	E	0.85	0.56	4.72	3.29	4.21	4.62	
319	C	B	0.84	0.28	4.01	3.26	4.20	4.59	
320	C	E	0.85	0.48	3.39	3.14	4.18	4.55	
321	C	E	0.85	0.73	4.34	3.21	5.10	4.56	
322	C	E	0.85	0.81	4.71	3.26	6.09	4.59	
323	C	E	0.85	0.68	3.85	3.31	5.71	4.67	
324	C	B	0.84	0.31	3.48	3.41	5.07	4.74	
325	C	E	0.91	0.19	2.58	3.21	4.26	4.52	
326	H	E	0.91	0.12	2.43	3.12	4.15	4.41	
327	H	E	0.95	0.21	2.59	3.14	4.18	4.42	
328	H	E	0.95	-0.05	2.61	3.13	4.16	4.44	
329	H	B	0.95	-0.51	2.49	3.07	4.10	4.39	
330	H	B	0.96	-0.44	2.55	3.09	4.13	4.39	
331	H	E	0.96	-0.38	2.58	3.16	4.18	4.45	
332	H	B	0.96	-0.65	2.53	3.12	4.13	4.44	
333	H	B	0.96	-0.79	2.50	3.09	4.10	4.40	
334	H	B	0.96	-0.66	2.49	3.16	4.18	4.45	
335	H	E	0.96	-0.44	2.48	3.19	4.19	4.49	
336	H	B	0.96	-0.58	2.48	3.14	4.13	4.46	
337	H	B	0.96	-0.57	2.59	3.16	4.15	4.46	
338	H	E	0.95	-0.26	2.64	3.26	4.24	4.61	
339	H	E	0.92	0.01	3.75	3.30	4.27	4.66	
340	H	B	0.88	-0.10	4.39	3.42	4.30	4.72	
341	C	B	0.82	0.14	4.45	3.53	4.55	4.81	
342	C	E	0.65	0.50	6.01	3.81	4.92	5.16	
343	C	E	0.46	0.86	8.20	4.07	5.14	7.63	
344	C	E	0.33	0.89	8.43	4.39	5.35	9.00	
345	H	E	0.29	0.92	6.53	6.41	5.44	8.69	
346	H	E	0.15	0.80	8.44	8.44	6.16	9.00	
347	H	E	0.15	0.70	9.07	9.04	7.28	9.55	
348	H	E	0.14	0.39	7.87	8.59	8.76	9.15	
349	H	E	0.12	0.04	8.18	9.31	9.54	10.19	
350	H	E	0.12	-0.03	9.47	10.24	9.39	11.75	
351	H	E	0.12	0.26	9.71	10.25	10.69	12.25	
352	H	E	0.11	0.31	9.66	10.39	12.40	12.58	
353	H	E	0.11	0.43	10.24	11.70	12.22	14.24	
354	H	E	0.11	0.48	10.89	12.51	11.83	15.88	
355	C	E	0.12	1.03	11.60	12.61	13.82	16.38	
356	C	E	0.13	1.35	12.08	13.27	14.89	16.99	
357	C	E	0.20	2.08	12.61	14.58	14.55	18.69	